1192.29 2808.47 590.921 2508.43
1320.9 2321.97 719.526 2022
1044.72 2627.81 443.33 2327.82
1313.4 2450.29 711.97 2150.35
1064.54 2495.2 463.2 2195.13
1538.2 2480.64 936.831 2180.81
1486.78 2603.46 885.384 2303.45
1325.45 2709.86 724.044 2409.84
1120.33 2819.73 518.856 2519.68
1148.29 2417.31 546.904 2117.31
1302.9 2526.79 701.492 2226.82
1578.74 2516.89 977.293 2216.74
1215.81 2778.85 614.417 2478.88
1338.96 2382.03 737.563 2082.02
1483.6 2567.22 882.21 2267.15
1062.01 2856.78 460.57 2556.8
1513.74 2525.21 912.423 2225.15
1312.16 2455.07 710.766 2155.14
1157.06 2549.15 555.661 2249.16
1542.79 2574.5 941.377 2274.55
1412.05 2591.47 810.647 2291.54
1119.24 2726.83 517.915 2426.87
1496.15 2540.4 894.716 2240.41
1482.99 2644.33 881.507 2344.34
1320.79 2673.53 719.389 2373.51
1058.7 2517.62 457.355 2217.46
1138.3 2816.32 536.886 2516.35
1340.36 3519.27 738.96 3219.27
1024.76 3925.76 423.338 3625.79
1224.94 3398.67 623.55 3098.52
1377.45 3480.13 776.032 3180.16
1423.09 3677.53 821.745 3377.53
1406.26 3872.87 804.861 3572.88
1378.5 3910.93 777.107 3610.94
1309.1 3994 707.71 3693.87
1231.21 3474.67 629.878 3174.93
1469.63 3608.44 868.188 3308.51
1347.92 3639.62 746.58 3339.57
1383.83 3871.3 782.443 3571.33
1333.03 3412.6 731.588 3112.64
1594.23 3420.77 992.837 3120.75
1350.91 3594.1 749.451 3294.11
1128.33 3311.74 527.028 3011.72
1500.3 3373.43 898.922 3073.39
1288.51 3458.29 687.081 3158.26
1187.14 3864.02 585.722 3564.02
1472.68 3322.43 871.301 3022.44
1210.17 3878.16 608.826 3578.16
1334.77 3430.34 733.354 3130.07
1580.1 3510.17 978.694 3210.17
1053.82 3948.3 452.503 3648.26
1597.39 3438.99 996.073 3138.92
1551.52 3486.1 950.122 3186.17
1533.08 3735.31 931.719 3435.25
1378.5 3910.93 777.107 3610.94
1054.4 3915.01 452.992 3615.03
1481.89 3338.52 880.497 3038.55
1285.66 3357.95 684.347 3057.87
1435.51 3471.51 834.118 3171.48
1402.89 3499.82 801.441 3199.78
1513.2 3788.21 911.758 3488.16
1475.6 4304.06 874.272 4004.18
1821.12 4357.24 356.892 4949.28
1173.14 4913.2 571.721 4613.19
1505.07 4387.93 903.673 4087.92
1505.07 4387.93 903.673 4087.92
1587.54 4480.01 986.302 4179.95
1152.99 4839.3 551.588 4539.29
1425.5 4356.61 824.124 4056.67
1536.41 4611.5 934.982 4311.48
1272.17 4979.77 670.765 4679.69
1555.98 4344.49 954.488 4044.55
1137.22 4826.56 535.813 4526.59
1488.21 4427.06 886.824 4127.05
1586.7 4588.2 985.279 4288.26
1361.77 4861.07 760.375 4561.21
1292.36 4866.48 690.958 4566.52
1583.98 4585.72 982.587 4285.72
1238.12 4776.01 636.706 4476.01
1151.26 4330.53 549.867 4030.51
1165.72 4194.86 593.004 4858.47
1216.75 4366 615.148 4066.06
1539.68 4380.77 938.408 4080.76
1487.76 4551.01 886.337 4251.01
1536.41 4611.5 934.982 4311.48
1228.69 4784.58 627.058 4484.85
1353.07 4945.95 751.623 4645.89
1258.44 4783.63 656.984 4483.65
1357.65 4837.54 756.224 4537.51
1482.27 4567.88 880.876 4267.87
1284.36 4784.83 682.988 4484.84
1137.22 4826.56 535.813 4526.59
2597.38 1589.36 1995.99 1289.35
2125.07 1549.61 1523.61 1249.62
2049.23 1622.41 1447.83 1322.39
2228.42 1697.34 1627.1 1396.86
2102.71 1774.44 1501.29 1474.43
2036.61 1390.26 1435.21 1090.24
2106.87 1563.13 1505.52 1263.12
2236.48 1573.46 1635.07 1273.53
2278.19 1687.57 1676.75 1387.62
2597.38 1589.36 1995.99 1289.35
2576.5 1604.24 1975.04 1304.25
2016.61 1750.63 1415.23 1450.67
2031.97 1729.89 1430.59 1429.86
2136.2 1406.76 1534.93 1106.77
2080.34 1611.56 1478.94 1311.57
2205.87 1308.33 1604.48 1008.36
2199.01 1422.56 1597.59 1122.55
2256.71 1665.84 1655.33 1365.82
2203.95 1622.36 1602.54 1322.33
2270.62 1587.8 1669.4 1288.23
2277.66 1438.45 1676.29 1138.39
2084.58 1552.48 1483.23 1252.46
2309.82 1712.05 1707.99 1411.96
2090.76 1639.1 1489.38 1339.23
2076.39 1357.06 1474.94 1057.08
2196.82 1441.08 1595.43 1141.08
2230.16 1572.24 1628.74 1272.27
2089.35 1616.05 1487.95 1316.04
2490.57 1688.21 1889.21 1388.09
2174.55 2871.92 1573.14 2571.97
2094.35 2899.01 1493.09 2598.89
2115.65 2921.49 1514.24 2621.5
2397.13 2946.98 1795.77 2646.94
2425.83 2668.62 1824.34 2368.45
2123.02 2869.06 1521.62 2569.08
2394.58 2975.29 1793.17 2675.3
2249.39 2867.89 1647.98 2567.89
2539.15 2512.44 1937.76 2212.45
2218.51 2556.79 1616.95 2256.76
2410.2 2627.93 1808.84 2327.82
2173.7 2741.46 1572.41 2441.56
2364.1 2575.04 1762.61 2275.04
2152.04 2648.36 1550.54 2348.35
2157.34 2875.04 1555.97 2575.02
2231.14 2624.61 1629.69 2324.54
2237.03 2685.12 1635.64 2385.12
2358.29 2630.6 1756.86 2330.56
2023.16 2754.23 1421.78 2454.29
2361.76 2858.47 1760.35 2558.48
2106.13 2944.05 1504.72 2644.02
2384.51 2761.59 1783.12 2461.57
2244.64 2808 1643.27 2508
2108.34 2906.44 1506.91 2606.47
2134.1 2838.35 1532.8 2538.34
2024.92 2743.29 1423.52 2443.25
2374.34 2778.51 1772.97 2478.46
2234.74 2562.06 1633.33 2262.07
2291.86 2641.49 1690.44 2341.56
2420.45 2746.67 1819.06 2446.71
2031.75 2625.92 1430.36 2325.91
2395.53 2833.22 1794.13 2533.2
2197.89 2718.34 1596.52 2418.33
2197.89 2718.34 1596.52 2418.33
2231.02 2787.88 1629.29 2487.76
2320.7 3109.08 1719.31 2809.09
2531.84 3277.28 1930.36 2977.38
2507.53 3090.89 1906.13 2790.91
2519.64 3089.18 1918.3 2789.11
2542.93 3096.95 1941.56 2796.95
2598.52 3119.74 1997.07 2819.81
2252.73 3147.75 1651.32 2847.79
2114.4 3120.42 1512.81 2820.51
2454.13 3103.54 1852.69 2803.56
2425.88 3278.37 1824.47 2978.33
2112.28 3046.41 1510.87 2746.43
2124.51 3070.73 1523.12 2770.74
2379.61 3186.48 1778.2 2886.51
2486.84 3110.65 1885.44 2810.7
2437.67 3131.77 1836.1 2831.87
2164.4 3152.91 1563.04 2852.87
2252.96 3069.01 1651.53 2769.09
2471.78 3259.92 1870.39 2959.91
2359.06 3286.11 1757.66 2986.06
2114.4 3120.42 1512.81 2820.51
2483.37 3113.49 1881.95 2813.5
2118.82 3030.86 1517.4 2730.89
2112.28 3046.41 1510.87 2746.43
2111.92 3112.62 1510.54 2812.62
2416.58 3136.49 1815.21 2836.47
2315.6 3188.63 1713.99 2888.65
2406.59 3085.39 1805.27 2785.32
2453.73 3118.08 1852.33 2818.12
2588.37 3245.64 1986.97 2945.62
2494.77 3268.43 1893.35 2968.52
2451.24 3133.22 1849.77 2833.22
2483.37 3113.49 1881.95 2813.5
2371.24 3188.89 1769.77 2888.85
2474.57 3093.05 1873.18 2793.06
2416.58 3136.49 1815.21 2836.47
2410.12 3175.57 1808.8 2875.47
2410.12 3175.57 1808.8 2875.47
2297.69 4921.48 1696.3 4621.48
2146.17 4948.58 1544.78 4648.58
2094.66 4366.42 1493.26 4066.45
2124.99 4390.07 1523.81 4090.13
2274.54 4478.58 1673.16 4178.58
2122.65 4943.74 1521.26 4643.72
2061.5 4449.5 1460.02 4149.49
2192.44 4517.91 1591.02 4217.93
2031.86 4566.38 1430.45 4266.38
2344.75 4592.01 1743.37 4292
2426.92 4584.18 1825.48 4284.23
2127.41 4609.65 1526.07 4309.64
2391.44 4724.21 1790.01 4424.15
2081.15 4760.97 1479.74 4460.93
2153.72 4860.11 1552.33 4560.12
2164.42 4469.06 1563.06 4169.06
2082.28 4544.85 1481.02 4244.81
2119.7 4560.79 1518.36 4260.88
2384.23 4914.08 1782.82 4614.09
2258.14 4447.15 1656.71 4147.16
2024.14 4537.45 1422.72 4237.48
2604.17 4666.65 2002.5 4366.89
2332.18 4680.95 1730.75 4380.95
2091.58 4883.76 1490.17 4583.78
2071.25 4929.48 1469.78 4629.5
2273.85 4305.92 1672.49 4005.95
3710.86 2571.4 3109.86 2271.35
3713.4 2579.31 3112.41 2279.31
3634.56 2912 3033.53 2612.09
3943.84 2972.63 3342.87 2672.59
3921.72 2309.68 3320.71 2009.67
3928.24 2861.47 3327.31 2561.63
3183.63 2787.61 3213.83 2917.11
3915.4 2883.8 3314.44 2583.73
3972.53 2976.16 3371.42 2676.33
3838.34 2323.94 3237.3 2023.91
3823.29 2560.34 3222.21 2260.35
3951.95 2831.42 3350.92 2531.35
3930.4 2834.72 3328.74 2535.28
3887.17 2814.65 3286.18 2514.64
3820.47 2782.24 3219.45 2482.23
3826.17 2861.3 3225.25 2561.29
3842.96 2539.54 3242.12 2239.52
3738.64 2646.95 3137.62 2346.94
3711.05 2746.44 3110.03 2446.37
3655.17 2801.7 3054.17 2501.76
3681.47 2540.6 3080.44 2240.5
3849.09 2542.31 3248.11 2242.35
3777.98 2571.27 3176.89 2271.21
3858.55 2553.15 3257.57 2253.11
3764.03 2833.14 3163.03 2533.13
3922.85 2931.96 3321.88 2631.93
3945.93 2947.87 3344.89 2647.93
3945.93 2947.87 3344.89 2647.93
3733.34 2855.43 3132.36 2555.39
3851.73 2533.26 3250.76 2233.23
3758.63 2807.39 3157.67 2507.37
3534.84 2261.45 3423.58 2103.4
3865.06 2798.8 3263.92 2498.78
3063.45 3717.67 2463.1 3417.62
3500.15 3735.04 2899.76 3434.85
3107.53 3773.04 2507.24 3472.87
3568.46 3820.54 2968.05 3520.43
3157.04 3848.21 2556.61 3548.23
3402.96 3839.61 2802.5 3539.75
3197.93 3864.33 2597.57 3564.26
3402.48 3985.58 2802.1 3685.58
3437.72 3834.65 2837.3 3534.65
3040.94 3727.54 2440.54 3427.54
3292.68 3612.92 2692.3 3312.88
3166.11 3818.59 2565.69 3518.69
3055.19 3898.32 2454.8 3598.29
3424.71 3918.45 2824.31 3618.48
3605.28 3768 3004.89 3467.96
3563.39 3797.2 2963 3497.25
3501.66 3843.1 2901.28 3543.09
3049.98 3736.19 2449.59 3436.18
3049.98 3736.19 2449.59 3436.18
3054.25 3738.78 2453.85 3438.78
3373.06 3922.06 2772.68 3622.14
3345.86 3515.51 2745.42 3215.56
3321.67 3529.92 2721.26 3229.92
3077.67 3907.08 2477.27 3607.08
3094.33 3702.14 2493.9 3402.16
3092.86 3716.87 2492.47 3416.83
3345.77 3714.25 2745.38 3414.24
3153.23 3874.03 2552.82 3574.01
3049.41 3332.15 2449.01 3032.14
3402.04 3682 2801.58 3382.06
3077.26 3696.99 2476.83 3396.97
